image_width: 4096
image_height: 3000
camera_name: camera
camera_matrix:
  rows: 3
  cols: 3
  data: [ 4696.604851,     0.     ,   1998.5331128,
             0.     ,  4704.904643,   1446.352779,
             0.     ,     0.     ,     1.     ]
camera_model: plumb_bob
distortion_coefficients:
  rows: 1
  cols: 5
  data: [0.0, 0.0, -0.0, -0.0, 0.0]
rectification_matrix:
  rows: 3
  cols: 3
  data: [ 1.0,  0.0,  0.0 ,
         0.0,  1.0,  0.0,
         0.0, 0.0,  1.0]
projection_matrix:
  rows: 3
  cols: 4
  data: [ 4696.604851,     0.     ,   1998.5331128,    0.     ,
             0.     ,  4704.904643,   1446.352779,    0.     ,
            0.     ,    0.     ,    1.     ,    0.     ]
